0.000000e+00 9.186812e+01 2.214353e+01 4.977307e+01 4.809759e+01 1.089127e+02 9.063680e+01 5.505790e+01 6.097460e+01 8.710050e+01 1.106334e+02 1.191260e+02 7.524510e+01 1.133192e+02
9.186812e+01 0.000000e+00 4.857984e+01 2.519650e+01 8.607370e+01 1.759170e+01 1.122227e+02 9.335674e+01 1.161783e+02 4.294380e+01 1.096770e+02 1.144034e+02 7.757860e+01 3.834242e+01
2.214353e+01 4.857984e+01 0.000000e+00 1.524874e+01 8.733000e+01 1.081163e+02 9.925596e+01 6.321200e+01 5.149780e+01 8.373590e+00 1.098685e+02 9.894600e+01 3.304177e+01 8.615771e+01
4.977307e+01 2.519650e+01 1.524874e+01 0.000000e+00 1.122306e+02 7.061419e+01 1.017240e+02 1.144353e+02 1.106153e+02 1.689044e+01 7.718342e+01 6.913983e+01 1.122133e+02 1.624016e+01
4.809759e+01 8.607368e+01 8.733004e+01 1.122306e+02 0.000000e+00 8.447567e+01 6.602253e+01 1.277339e+02 4.430740e+01 1.019227e+02 9.845610e+01 6.802847e+01 2.137578e+01 4.989716e+01
1.089127e+02 1.759166e+01 1.081163e+02 7.061419e+01 8.447567e+01 0.000000e+00 1.158647e+02 1.686521e+02 1.243389e+02 4.783240e+01 1.196430e+02 1.791844e+01 7.659652e+01 3.552958e+01
9.063680e+01 1.122227e+02 9.925596e+01 1.017240e+02 6.602253e+01 1.158647e+02 0.000000e+00 9.246636e+01 4.820185e+01 1.010941e+02 1.962356e+01 9.893620e+01 1.230053e+02 8.992783e+01
5.505787e+01 9.335674e+01 6.321198e+01 1.144353e+02 1.277339e+02 1.686521e+02 9.246636e+01 0.000000e+00 9.334569e+01 1.382619e+02 5.096067e+01 2.965334e+01 1.269928e+02 1.091398e+02
6.097463e+01 1.161783e+02 5.149781e+01 1.106153e+02 4.430740e+01 1.243389e+02 4.820185e+01 9.334569e+01 0.000000e+00 1.063455e+02 5.583656e+01 1.093312e+02 7.836275e+01 9.446486e+01
8.710047e+01 4.294376e+01 8.373590e+01 1.689044e+01 1.019227e+02 4.783240e+01 1.010941e+02 1.382619e+02 1.063455e+02 0.000000e+00 8.157458e+01 5.595119e+01 9.947219e+01 6.509452e+01
1.106334e+02 1.096770e+02 1.098685e+02 7.718342e+01 9.845610e+01 1.196430e+02 1.962356e+01 5.096067e+01 5.583656e+01 8.157458e+01 0.000000e+00 1.521126e+01 1.081818e+02 1.022317e+02
1.182177e+02 1.144034e+02 9.894600e+01 6.913983e+01 6.802847e+01 1.791844e+01 9.893620e+01 2.965334e+01 1.093312e+02 5.595119e+01 1.521126e+01 0.000000e+00 6.271732e+01 2.135809e+01
7.524510e+01 7.757856e+01 3.304177e+01 1.122133e+02 2.137578e+01 7.659652e+01 1.230053e+02 1.269928e+02 7.836275e+01 9.947219e+01 1.081818e+02 6.271732e+01 0.000000e+00 4.198219e+01
1.133192e+02 3.834242e+01 8.615771e+01 1.624016e+01 4.989716e+01 3.552958e+01 8.992783e+01 1.091398e+02 9.446486e+01 6.509452e+01 1.022317e+02 2.135809e+01 4.198219e+01 0.000000e+00