0.000000e+00 4.896610e-01 8.855739e-01 5.771633e-01 6.167000e-01 2.850039e-01 6.257959e-02 1.036929e-02 1.871324e-01 2.152689e-02 5.609120e-02 7.155418e-03 9.787157e-02 4.814747e-02
4.896610e-01 0.000000e+00 6.316779e-01 1.000000e+00 2.327330e-01 4.985143e-01 1.230974e-02 3.050149e-02 1.061185e-02 6.712752e-02 1.097568e-02 2.874295e-02 4.699533e-02 1.142441e-01
8.855739e-01 6.316779e-01 0.000000e+00 8.969741e-01 2.753623e-01 3.303014e-01 3.098660e-02 6.124553e-03 4.948154e-02 3.207810e-02 3.935480e-02 6.670305e-03 2.371597e-01 1.013280e-01
5.771633e-01 1.000000e+00 8.969741e-01 0.000000e+00 2.600813e-01 3.847553e-01 9.035231e-03 3.365472e-02 2.237584e-02 5.130071e-02 1.673640e-02 3.444303e-02 7.786065e-02 3.085926e-01
6.167000e-01 2.327330e-01 2.753623e-01 2.600813e-01 0.000000e+00 1.629374e-01 3.638348e-03 1.394700e-03 8.772057e-01 5.700079e-03 1.576618e-03 1.273422e-03 2.716633e-02 1.412892e-02
2.850039e-01 4.985143e-01 3.303014e-01 3.847553e-01 1.629374e-01 0.000000e+00 6.488388e-03 1.158208e-02 1.109696e-02 8.976411e-01 5.518161e-03 4.729853e-03 2.383118e-02 1.764599e-01
6.257959e-02 1.230974e-02 3.098660e-02 9.035231e-03 3.638348e-03 6.488388e-03 0.000000e+00 6.100904e-01 2.304287e-03 2.122370e-03 6.378631e-01 4.517009e-01 1.441999e-01 3.911224e-02
1.036929e-02 3.050149e-02 6.124553e-03 3.365472e-02 1.394700e-03 1.158208e-02 6.100904e-01 0.000000e+00 4.244740e-04 5.396883e-03 5.053059e-01 6.057850e-01 3.626220e-02 7.537445e-02
1.871324e-01 1.061185e-02 4.948154e-02 2.237584e-02 8.772057e-01 1.109696e-02 2.304287e-03 4.244740e-04 0.000000e+00 1.758535e-03 5.093687e-03 6.063914e-04 1.361349e-01 2.122370e-03
2.152689e-02 6.712752e-02 3.207810e-02 5.130071e-02 5.700079e-03 8.976411e-01 2.122370e-03 5.396883e-03 1.758535e-03 0.000000e+00 2.243648e-03 4.002183e-03 2.304287e-03 3.472197e-01
5.609120e-02 1.097568e-02 3.935480e-02 1.673640e-02 1.576618e-03 5.518161e-03 6.378631e-01 5.053059e-01 5.093687e-03 2.243648e-03 1.432903e-01 5.762537e-01 1.103632e-02 1.327997e-02
7.155418e-03 2.874295e-02 6.670305e-03 3.444303e-02 1.273422e-03 4.729853e-03 4.517009e-01 6.057850e-01 6.063914e-04 4.002183e-03 5.762537e-01 1.402583e-01 9.035231e-03 1.261294e-02
9.787157e-02 4.699533e-02 2.371597e-01 7.786065e-02 2.716633e-02 2.383118e-02 1.441999e-01 3.626220e-02 1.361349e-01 2.304287e-03 1.103632e-02 9.035231e-03 0.000000e+00 6.670305e-02
4.814747e-02 1.142441e-01 1.013280e-01 3.085926e-01 1.412892e-02 1.764599e-01 3.911224e-02 7.537445e-02 2.122370e-03 3.472197e-01 1.327997e-02 1.261294e-02 6.670305e-02 0.000000e+00